[0.12534048926890873, 0.197939291272601, 0.24349628215072963,
 0.2955070857802404, 0.35399857954974057, 0.4188399810055757,
 0.4897406501845787, 0.566252045301109, 0.6477744970138047, 0.7335713911893813,
 0.8227946920468977, 0.9145254951846351, 1.0078309131918943, 1.1018342944052524,
 1.1957906489319707, 1.289154881538783, 1.3816287110463905, 1.473174075573457,
 1.563986373184383, 1.6544288601925428, 1.744937851610185, 1.8359147668947828,
 1.927623816832276, 2.0201126156499996, 2.1131678611375295, 2.206311046192735,
 2.298831890338344, 2.3898514431431166, 2.4784034843314466, 2.5635219418250568,
 2.644322976838775, 2.7200723776659546, 2.790231404155451, 2.8544770436240294,
 2.9126958358776056, 2.964954016159289, 3.011450405044635, 3.0524615351540185,
 3.0882900220879326, 3.119226408322103, 3.1455314548365125, 3.16744073444894,
 3.185187688120983, 3.1990366236269994, 3.209314794092587, 3.2164333056456256,
 3.220889871323403, 3.223251283731187, 3.2241184823471802, 3.2240809183851806,
 3.2236687416170384, 3.223310970522846, 3.2233056526362804, 3.2238048180053176,
 3.224813620401609, 3.2262002169171526, 3.227711255119096, 3.228987697632899,
 3.229577222032699, 3.228942339048909, 3.2264670044350208, 3.221467802406957,
 3.2132175061800528, 3.2009879074517618, 3.1841148069153045, 3.1620814975909797,
 3.1346095200536976, 3.1017392190424307, 3.0638800363285283, 3.0218131094839626,
 2.9766367138167555, 2.929656765539785, 2.8822370098637364, 2.8356331890908257,
 2.7908396379171694, 2.7484742383932965, 2.7087193706025117, 2.6713249900463687,
 2.635668552353145, 2.600858040977157, 2.565860303753728, 2.529637048367734,
 2.49127366808566, 2.4500896305300555, 2.405722037652533, 2.358175799529976,
 2.3078353356567347, 2.255434962131924, 2.2019889496366027, 2.148687528947921,
 2.096770735456057, 2.047396196305617, 2.0015182354509506, 1.9597933756848198,
 1.9225220627199209, 1.8896298475332465, 1.860685305111189, 1.834948146759881,
 1.8114397774381994, 1.7890293202288374, 1.7665295293692742, 1.742797680986879,
 1.7168357502659284, 1.6878822072015038, 1.655485678611175, 1.6195499500927333,
 1.5803414254815853, 1.5384545197431159, 1.494736855830775, 1.4501831244288061,
 1.4058123166508922, 1.3625462784275244, 1.3211073626598389, 1.2819494271036127,
 1.2452303717425584, 1.2108271593737987, 1.1783872939135491, 1.147405334341977,
 1.1173100676558958, 1.0875477825241777, 1.0576494679554196, 1.027274050779777,
 0.9962250292333994, 0.9644429974110957, 0.9319806160116874, 0.898968863023722,
 0.8655835800792037, 0.8320195467033001, 0.7984761042607567, 0.7651545389381763,
 0.7322639444938646, 0.7000299377360732, 0.6686999137584326, 0.6385396099802068,
 0.6098182699631368, 0.5827829858674558, 0.5576260078742838, 0.5344511421607103,
 0.5132462644236007, 0.4938682747659736, 0.4760447268778054, 0.4593934030549386,
 0.44345794959571155, 0.4277549783347368, 0.41182624929202766,
 0.3952888971437872, 0.37787712447527777, 0.35947014758621826,
 0.34010314074610526, 0.3199601627290304, 0.29935028259121915,
 0.2786701208250875, 0.25835760373529587, 0.23884274140872772,
 0.22050155997355772, 0.2036188688764467, 0.18836432255637092,
 0.17478435299672096, 0.1628102428672901, 0.15228022767454907,
 0.14297146569514427, 0.1346363748248643, 0.1270374641123837,
 0.1199754516087332, 0.11330700931187422, 0.10695057494579169,
 0.10088087901503114, 0.09511471625507598, 0.08969170911551293,
 0.08465420421278305, 0.0800300367331914, 0.07582087676514426,
 0.07199751358640365, 0.06850203559613435, 0.06525567530923915,
 0.06217027570428318, 0.059160966057332585, 0.05615770026368347,
 0.053113739733610825, 0.05000985440974996, 0.04685384980993383,
 0.04367587535264055, 0.040520695175015664, 0.03743858124603413,
 0.03447662583408991, 0.03167203337673302, 0.029048390548176817,
 0.026615161521549188, 0.024369902555451524, 0.022302129717600042,
 0.02039754473512103, 0.018641466665413737, 0.01702076020745531,
 0.015524137879898557, 0.014141253199237253, 0.01286133518351844,
 0.011672159422823803, 0.010559924652075281, 0.009510208012560898,
 0.008509753019214595]